
Aggregate Batting Stats for Ohio State for dates 2020-01-01 to 2020-02-16
Player                              slg    obp  ab  r  h rbi bb so hp 1B 2B 3B HR TB  avg
__________________________________________________________________________________________
Karaffa, Nate CF                   0.000 0.211  12  3  1   1  2  4  1  0  0  0  0  0 0.083 
Brookman, Archer PH                0.000 0.000   1  0  0   0  0  1  0  0  0  0  0  0 0.000 
Dingler, Dillon C                  0.455 0.462  11  2  4   3  1  0  1  0  1  1  0  5 0.364 
Todys, Brent DH                    0.000 0.313  11  2  1   2  4  1  0  0  0  0  0  0 0.091 
Pohl, Conner 1B                    0.462 0.222  13  2  3   4  1  4  0  0  3  0  0  6 0.231 
Dezenzo, Zach 3B                   0.333 0.350  12  1  5   2  2  6  0  0  2  0  0  4 0.417 
Seymour, Scottie LF                0.000 0.533   9  1  3   2  2  1  3  0  0  0  0  0 0.333 
Clegg, Nolan RF                    0.308 0.190  13  1  3   1  1  7  0  0  0  0  1  4 0.231 
Carpenter, Matt 2B                 0.000 0.056  10  0  0   0  1  7  0  0  0  0  0  0 0.000 
West, Noah SS                      0.000 0.278  10  3  2   2  2  5  1  0  0  0  0  0 0.200 
__________________________________________________________________________________________

