
Aggregate Batting Stats for Ohio State for dates 2020-01-01 to 2020-12-31
Player                              slg    obp  ab  r  h rbi bb so hp 1B 2B 3B HR TB  avg
__________________________________________________________________________________________
Karaffa, Nate CF                   0.000 0.211  12  3  1   1  2  4  1  0  0  0  0  0 0.083 
Brookman, Archer PH                0.000 0.167   3  1  0   0  1  2  0  0  0  0  0  0 0.000 
Dingler, Dillon C                  0.333 0.316  15  2  4   3  1  2  1  0  1  1  0  5 0.267 
Todys, Brent DH                    0.000 0.286  15  2  2   2  4  2  0  0  0  0  0  0 0.133 
Pohl, Conner 1B                    0.375 0.227  16  2  3   4  2  4  0  0  3  0  0  6 0.188 
Dezenzo, Zach 3B                   0.250 0.269  16  1  5   2  2  8  0  0  2  0  0  4 0.313 
Seymour, Scottie LF                0.000 0.444  12  1  3   3  2  1  3  0  0  0  0  0 0.250 
Clegg, Nolan RF                    0.308 0.227  13  1  3   2  1  7  1  0  0  0  1  4 0.231 
Carpenter, Matt 2B                 0.000 0.056  10  0  0   0  1  7  0  0  0  0  0  0 0.000 
West, Noah SS                      0.000 0.217  13  3  2   2  2  7  1  0  0  0  0  0 0.154 
Wilson, Sam RF                     0.000 0.333   2  0  0   0  1  0  0  0  0  0  0  0 0.000 
__________________________________________________________________________________________

